640582828 640582827
640582827 640582829
640582829 640582830
640582830 640582831
640582831 640582832
640582832 640582833
640582833 640582834
640582834 640582835
640582835 640582836
640582836 640582837
640582837 640582838
640582838 640582839
640582839 640582840
640582840 640582841
640582841 640582842
640582842 640582843
640582843 640582844
640582844 640582845
640582845 640582846
640582846 640582847
640582847 3026464085
3026464085 640582848
640582848 640582849
640582849 2999368487
2999368487 2999368486
2999368486 640582850
640582850 640582851
640582851 287798613
287798613 640582852
640582852 640582853
640582853 640582855
640582855 640582858
640582858 640582860
640582860 640582862
640582862 1840106467
1840106467 1840106461
1840106461 640582865
640582865 1840106442
1840106442 1840106435
1840106435 1840106433
1840106433 640582867
640582867 1840106430
1840106430 1840106429
1840106429 1840106431
1840106431 640582868
640582868 640582869
640582869 1840106434
1840106434 1840106436
1840106436 640582870
640582870 1840106468
1840106468 1840106471
1840106471 1840106472
1840106472 1840106473
1840106473 1840106474
1840106474 640582871
640582871 1840106493
1840106493 1840106496
1840106496 1840106498
1840106498 640582872
640582872 640582873
640582873 1840106518
1840106518 1840106522
1840106522 1840106524
1840106524 1840106527
1840106527 1840106528
1840106528 640582875
